1 26758U 99057MF  14312.39902217  .04820097  95781-1  54922-2 0  9997
2 26758 098.5874 266.4168 0010622 156.3701 203.8072 16.16108180747415
1 37637U 78026HY  23196.68582294  .00000698  00000-0  54270-3 0  9998
2 37637  98.8464 161.9514 0073314 274.2135  85.0651 13.94516777 49958
1 44691U 18079BD  23197.34603343 -.00000061  00000-0  00000+0 0  9994
2 44691  10.8913 143.7090 4526507 101.5405 310.9250  1.76803131 25318
1 51454U 20046S   23006.24919409  .01471963  00000-0  15713-1 0  9999
2 51454  54.2807 318.7889 0025903 132.8137 227.5075 15.60200306 60653
1 52132U 22029AW  23197.90863935 -.00000979  00000-0 -43435-4 0  9993
2 52132  53.2180  89.1693 0001137  89.0645 271.0477 15.08845913 74984
